{
 "cells": [
  {
   "cell_type": "code",
   "execution_count": 10,
   "metadata": {},
   "outputs": [
    {
     "name": "stdout",
     "output_type": "stream",
     "text": [
      "[[0.5 0.  0.5]]\n",
      "[[0.66666667 0.         0.33333333]]\n",
      "[[0.5  0.25 0.25]]\n",
      "[[0.6 0.2 0.2]]\n",
      "[[0.5        0.33333333 0.16666667]]\n",
      "[[0.42857143 0.28571429 0.28571429]]\n",
      "[[0.5  0.25 0.25]]\n",
      "[[0.44444444 0.33333333 0.22222222]]\n",
      "[[0.4 0.3 0.3]]\n",
      "[[0.45454545 0.27272727 0.27272727]]\n",
      "[[0.41666667 0.33333333 0.25      ]]\n",
      "[[0.46153846 0.30769231 0.23076923]]\n",
      "[[0.42857143 0.35714286 0.21428571]]\n",
      "[[0.4        0.33333333 0.26666667]]\n",
      "[[0.375 0.375 0.25 ]]\n",
      "[[0.35294118 0.35294118 0.29411765]]\n",
      "[[0.38888889 0.33333333 0.27777778]]\n",
      "[[0.36842105 0.36842105 0.26315789]]\n",
      "[[0.4  0.35 0.25]]\n",
      "[[0.38095238 0.38095238 0.23809524]]\n",
      "[[0.36363636 0.36363636 0.27272727]]\n",
      "[[0.39130435 0.34782609 0.26086957]]\n",
      "[[0.375      0.33333333 0.29166667]]\n",
      "[[0.4  0.32 0.28]]\n",
      "[[0.38461538 0.34615385 0.26923077]]\n",
      "[[0.37037037 0.33333333 0.2962963 ]]\n",
      "[[0.39285714 0.32142857 0.28571429]]\n",
      "[[0.37931034 0.31034483 0.31034483]]\n",
      "[[0.4 0.3 0.3]]\n",
      "[[0.38709677 0.29032258 0.32258065]]\n",
      "[[0.40625 0.28125 0.3125 ]]\n",
      "[[0.39393939 0.3030303  0.3030303 ]]\n",
      "[[0.38235294 0.29411765 0.32352941]]\n",
      "[[0.4        0.28571429 0.31428571]]\n",
      "[[0.38888889 0.27777778 0.33333333]]\n",
      "[[0.37837838 0.2972973  0.32432432]]\n",
      "[[0.36842105 0.28947368 0.34210526]]\n",
      "[[0.38461538 0.28205128 0.33333333]]\n",
      "[[0.375 0.275 0.35 ]]\n",
      "[[0.3902439  0.26829268 0.34146341]]\n",
      "[[0.38095238 0.28571429 0.33333333]]\n",
      "[[0.37209302 0.27906977 0.34883721]]\n",
      "[[0.38636364 0.27272727 0.34090909]]\n",
      "[[0.37777778 0.28888889 0.33333333]]\n",
      "[[0.36956522 0.2826087  0.34782609]]\n",
      "[[0.36170213 0.29787234 0.34042553]]\n",
      "[[0.375      0.29166667 0.33333333]]\n",
      "[[0.36734694 0.30612245 0.32653061]]\n",
      "[[0.36 0.3  0.34]]\n",
      "[[0.37254902 0.29411765 0.33333333]]\n",
      "[[0.36538462 0.30769231 0.32692308]]\n",
      "[[0.35849057 0.30188679 0.33962264]]\n",
      "[[0.37037037 0.2962963  0.33333333]]\n",
      "[[0.36363636 0.30909091 0.32727273]]\n",
      "[[0.35714286 0.30357143 0.33928571]]\n",
      "[[0.36842105 0.29824561 0.33333333]]\n",
      "[[0.36206897 0.31034483 0.32758621]]\n",
      "[[0.3559322  0.30508475 0.33898305]]\n",
      "[[0.36666667 0.3        0.33333333]]\n",
      "[[0.36065574 0.29508197 0.3442623 ]]\n",
      "[[0.37096774 0.29032258 0.33870968]]\n",
      "[[0.36507937 0.3015873  0.33333333]]\n",
      "[[0.359375 0.296875 0.34375 ]]\n",
      "[[0.36923077 0.29230769 0.33846154]]\n",
      "[[0.36363636 0.3030303  0.33333333]]\n",
      "[[0.35820896 0.29850746 0.34328358]]\n",
      "[[0.35294118 0.30882353 0.33823529]]\n",
      "[[0.36231884 0.30434783 0.33333333]]\n",
      "[[0.35714286 0.3        0.34285714]]\n",
      "[[0.36619718 0.29577465 0.33802817]]\n",
      "[[0.36111111 0.30555556 0.33333333]]\n",
      "[[0.36986301 0.30136986 0.32876712]]\n",
      "[[0.36486486 0.31081081 0.32432432]]\n",
      "[[0.37333333 0.30666667 0.32      ]]\n",
      "[[0.36842105 0.31578947 0.31578947]]\n",
      "[[0.36363636 0.31168831 0.32467532]]\n",
      "[[0.35897436 0.32051282 0.32051282]]\n",
      "[[0.35443038 0.3164557  0.32911392]]\n",
      "[[0.3625 0.3125 0.325 ]]\n",
      "[[0.35802469 0.30864198 0.33333333]]\n",
      "[[0.35365854 0.31707317 0.32926829]]\n",
      "[[0.34939759 0.31325301 0.3373494 ]]\n",
      "[[0.35714286 0.30952381 0.33333333]]\n",
      "[[0.35294118 0.31764706 0.32941176]]\n",
      "[[0.34883721 0.31395349 0.3372093 ]]\n",
      "[[0.35632184 0.31034483 0.33333333]]\n",
      "[[0.35227273 0.30681818 0.34090909]]\n",
      "[[0.34831461 0.31460674 0.33707865]]\n",
      "[[0.35555556 0.31111111 0.33333333]]\n",
      "[[0.35164835 0.30769231 0.34065934]]\n",
      "[[0.35869565 0.30434783 0.33695652]]\n",
      "[[0.35483871 0.31182796 0.33333333]]\n",
      "[[0.35106383 0.30851064 0.34042553]]\n",
      "[[0.34736842 0.31578947 0.33684211]]\n",
      "[[0.35416667 0.3125     0.33333333]]\n",
      "[[0.35051546 0.31958763 0.32989691]]\n",
      "[[0.35714286 0.31632653 0.32653061]]\n",
      "[[0.35353535 0.31313131 0.33333333]]\n",
      "[[0.36 0.31 0.33]]\n",
      "[[0.35643564 0.31683168 0.32673267]]\n",
      "[[0.3627451  0.31372549 0.32352941]]\n",
      "[[0.3592233  0.32038835 0.32038835]]\n",
      "[[0.35576923 0.31730769 0.32692308]]\n",
      "[[0.36190476 0.31428571 0.32380952]]\n",
      "[[0.35849057 0.32075472 0.32075472]]\n",
      "[[0.36448598 0.31775701 0.31775701]]\n",
      "[[0.36111111 0.32407407 0.31481481]]\n",
      "[[0.35779817 0.32110092 0.32110092]]\n",
      "[[0.35454545 0.32727273 0.31818182]]\n",
      "[[0.36036036 0.32432432 0.31531532]]\n",
      "[[0.35714286 0.33035714 0.3125    ]]\n",
      "[[0.3539823  0.32743363 0.31858407]]\n",
      "[[0.35964912 0.3245614  0.31578947]]\n",
      "[[0.35652174 0.32173913 0.32173913]]\n",
      "[[0.36206897 0.31896552 0.31896552]]\n",
      "[[0.35897436 0.32478632 0.31623932]]\n",
      "[[0.3559322 0.3220339 0.3220339]]\n",
      "[[0.36134454 0.31932773 0.31932773]]\n",
      "[[0.35833333 0.31666667 0.325     ]]\n",
      "[[0.36363636 0.31404959 0.32231405]]\n",
      "[[0.36065574 0.31147541 0.32786885]]\n",
      "[[0.36585366 0.30894309 0.32520325]]\n",
      "[[0.36290323 0.31451613 0.32258065]]\n",
      "[[0.36  0.312 0.328]]\n",
      "[[0.36507937 0.30952381 0.32539683]]\n",
      "[[0.36220472 0.31496063 0.32283465]]\n",
      "[[0.359375 0.3125   0.328125]]\n",
      "[[0.36434109 0.31007752 0.3255814 ]]\n",
      "[[0.36153846 0.31538462 0.32307692]]\n",
      "[[0.35877863 0.3129771  0.32824427]]\n",
      "[[0.36363636 0.31060606 0.32575758]]\n",
      "[[0.36090226 0.31578947 0.32330827]]\n",
      "[[0.35820896 0.31343284 0.32835821]]\n",
      "[[0.36296296 0.31111111 0.32592593]]\n",
      "[[0.36029412 0.31617647 0.32352941]]\n",
      "[[0.35766423 0.31386861 0.32846715]]\n",
      "[[0.36231884 0.3115942  0.32608696]]\n",
      "[[0.35971223 0.30935252 0.33093525]]\n",
      "[[0.36428571 0.30714286 0.32857143]]\n",
      "[[0.36170213 0.31205674 0.32624113]]\n",
      "[[0.35915493 0.30985915 0.33098592]]\n",
      "[[0.35664336 0.31468531 0.32867133]]\n",
      "[[0.35416667 0.3125     0.33333333]]\n",
      "[[0.35862069 0.31034483 0.33103448]]\n",
      "[[0.35616438 0.31506849 0.32876712]]\n",
      "[[0.3537415  0.31292517 0.33333333]]\n",
      "[[0.35810811 0.31081081 0.33108108]]\n",
      "[[0.3557047  0.31543624 0.32885906]]\n",
      "[[0.35333333 0.31333333 0.33333333]]\n",
      "[[0.35761589 0.31125828 0.33112583]]\n",
      "[[0.35526316 0.31578947 0.32894737]]\n",
      "[[0.35947712 0.31372549 0.32679739]]\n",
      "[[0.35714286 0.31168831 0.33116883]]\n",
      "[[0.36129032 0.30967742 0.32903226]]\n",
      "[[0.35897436 0.31410256 0.32692308]]\n",
      "[[0.3566879  0.31210191 0.33121019]]\n",
      "[[0.36075949 0.31012658 0.32911392]]\n",
      "[[0.35849057 0.31446541 0.32704403]]\n",
      "[[0.3625 0.3125 0.325 ]]\n",
      "[[0.36024845 0.31677019 0.32298137]]\n",
      "[[0.35802469 0.31481481 0.32716049]]\n",
      "[[0.36196319 0.31288344 0.32515337]]\n",
      "[[0.3597561  0.31707317 0.32317073]]\n",
      "[[0.35757576 0.31515152 0.32727273]]\n",
      "[[0.35542169 0.31927711 0.3253012 ]]\n",
      "[[0.35928144 0.31736527 0.32335329]]\n",
      "[[0.35714286 0.32142857 0.32142857]]\n",
      "[[0.35502959 0.31952663 0.32544379]]\n",
      "[[0.35294118 0.32352941 0.32352941]]\n",
      "[[0.35087719 0.32163743 0.32748538]]\n",
      "[[0.35465116 0.31976744 0.3255814 ]]\n",
      "[[0.35260116 0.32369942 0.32369942]]\n",
      "[[0.35632184 0.32183908 0.32183908]]\n",
      "[[0.35428571 0.32571429 0.32      ]]\n",
      "[[0.35795455 0.32386364 0.31818182]]\n",
      "[[0.3559322 0.3220339 0.3220339]]\n",
      "[[0.35955056 0.32022472 0.32022472]]\n",
      "[[0.3575419  0.31843575 0.32402235]]\n",
      "[[0.36111111 0.31666667 0.32222222]]\n",
      "[[0.35911602 0.31491713 0.32596685]]\n",
      "[[0.36263736 0.31318681 0.32417582]]\n",
      "[[0.36065574 0.31693989 0.32240437]]\n",
      "[[0.35869565 0.31521739 0.32608696]]\n",
      "[[0.36216216 0.31351351 0.32432432]]\n",
      "[[0.36021505 0.3172043  0.32258065]]\n",
      "[[0.36363636 0.31550802 0.32085561]]\n",
      "[[0.36170213 0.31914894 0.31914894]]\n",
      "[[0.36507937 0.31746032 0.31746032]]\n",
      "[[0.36315789 0.32105263 0.31578947]]\n",
      "[[0.36125654 0.31937173 0.31937173]]\n",
      "[[0.359375   0.32291667 0.31770833]]\n",
      "[[0.35751295 0.32124352 0.32124352]]\n",
      "[[0.36082474 0.31958763 0.31958763]]\n",
      "[[0.35897436 0.31794872 0.32307692]]\n",
      "[[0.3622449  0.31632653 0.32142857]]\n",
      "[[0.36040609 0.31979695 0.31979695]]\n",
      "[[0.35858586 0.31818182 0.32323232]]\n",
      "[[0.35678392 0.32160804 0.32160804]]\n",
      "[[0.355 0.32  0.325]]\n",
      "[[0.35820896 0.31840796 0.32338308]]\n",
      "[[0.35643564 0.32178218 0.32178218]]\n",
      "[[0.3546798  0.32019704 0.32512315]]\n",
      "[[0.35784314 0.31862745 0.32352941]]\n",
      "[[0.35609756 0.32195122 0.32195122]]\n",
      "[[0.3592233  0.32038835 0.32038835]]\n",
      "[[0.35748792 0.3236715  0.31884058]]\n",
      "[[0.35576923 0.32211538 0.32211538]]\n",
      "[[0.35885167 0.32057416 0.32057416]]\n",
      "[[0.35714286 0.31904762 0.32380952]]\n",
      "[[0.36018957 0.31753555 0.32227488]]\n",
      "[[0.35849057 0.31603774 0.3254717 ]]\n",
      "[[0.36150235 0.31455399 0.32394366]]\n",
      "[[0.35981308 0.31308411 0.3271028 ]]\n",
      "[[0.3627907  0.31162791 0.3255814 ]]\n",
      "[[0.36111111 0.31481481 0.32407407]]\n",
      "[[0.359447   0.31336406 0.32718894]]\n",
      "[[0.36238532 0.31192661 0.32568807]]\n",
      "[[0.36073059 0.31506849 0.32420091]]\n",
      "[[0.35909091 0.31363636 0.32727273]]\n",
      "[[0.36199095 0.31221719 0.32579186]]\n",
      "[[0.36036036 0.31081081 0.32882883]]\n",
      "[[0.3632287  0.30941704 0.32735426]]\n",
      "[[0.36160714 0.30803571 0.33035714]]\n",
      "[[0.36444444 0.30666667 0.32888889]]\n",
      "[[0.36283186 0.30973451 0.32743363]]\n",
      "[[0.36123348 0.30837004 0.33039648]]\n",
      "[[0.35964912 0.31140351 0.32894737]]\n",
      "[[0.36244541 0.31004367 0.32751092]]\n",
      "[[0.36086957 0.31304348 0.32608696]]\n",
      "[[0.35930736 0.31168831 0.32900433]]\n",
      "[[0.36206897 0.31034483 0.32758621]]\n",
      "[[0.36051502 0.30901288 0.3304721 ]]\n",
      "[[0.36324786 0.30769231 0.32905983]]\n",
      "[[0.36170213 0.3106383  0.32765957]]\n",
      "[[0.36016949 0.30932203 0.33050847]]\n",
      "[[0.3628692  0.30801688 0.32911392]]\n",
      "[[0.36134454 0.30672269 0.33193277]]\n",
      "[[0.36401674 0.30543933 0.33054393]]\n",
      "[[0.3625     0.30833333 0.32916667]]\n",
      "[[0.36099585 0.30705394 0.33195021]]\n",
      "[[0.36363636 0.30578512 0.33057851]]\n",
      "[[0.36213992 0.30452675 0.33333333]]\n",
      "[[0.3647541  0.30327869 0.33196721]]\n",
      "[[0.36326531 0.30612245 0.33061224]]\n",
      "[[0.36585366 0.30487805 0.32926829]]\n",
      "[[0.36437247 0.30769231 0.32793522]]\n",
      "[[0.36290323 0.30645161 0.33064516]]\n",
      "[[0.36546185 0.30522088 0.32931727]]\n",
      "[[0.364 0.308 0.328]]\n",
      "[[0.3625498  0.30677291 0.33067729]]\n",
      "[[0.36507937 0.30555556 0.32936508]]\n",
      "[[0.36363636 0.30434783 0.33201581]]\n",
      "[[0.36614173 0.30314961 0.33070866]]\n",
      "[[0.36470588 0.30588235 0.32941176]]\n",
      "[[0.36328125 0.3046875  0.33203125]]\n",
      "[[0.36575875 0.30350195 0.3307393 ]]\n",
      "[[0.36434109 0.30620155 0.32945736]]\n",
      "[[0.36293436 0.30501931 0.33204633]]\n",
      "[[0.36538462 0.30384615 0.33076923]]\n",
      "[[0.36398467 0.30651341 0.32950192]]\n",
      "[[0.36259542 0.30534351 0.33206107]]\n",
      "[[0.36501901 0.30418251 0.33079848]]\n",
      "[[0.36363636 0.30681818 0.32954545]]\n",
      "[[0.36226415 0.30566038 0.33207547]]\n"
     ]
    },
    {
     "name": "stdout",
     "output_type": "stream",
     "text": [
      "[[0.36466165 0.30451128 0.33082707]]\n",
      "[[0.36329588 0.3071161  0.32958801]]\n",
      "[[0.36567164 0.30597015 0.32835821]]\n",
      "[[0.36431227 0.30855019 0.32713755]]\n",
      "[[0.36296296 0.30740741 0.32962963]]\n",
      "[[0.36531365 0.30627306 0.32841328]]\n",
      "[[0.36397059 0.30514706 0.33088235]]\n",
      "[[0.36263736 0.30769231 0.32967033]]\n",
      "[[0.36131387 0.30656934 0.33211679]]\n",
      "[[0.36363636 0.30545455 0.33090909]]\n",
      "[[0.36231884 0.30434783 0.33333333]]\n",
      "[[0.36462094 0.3032491  0.33212996]]\n",
      "[[0.36330935 0.3057554  0.33093525]]\n",
      "[[0.36200717 0.3046595  0.33333333]]\n",
      "[[0.36428571 0.30357143 0.33214286]]\n",
      "[[0.36298932 0.30604982 0.33096085]]\n",
      "[[0.36524823 0.30496454 0.32978723]]\n",
      "[[0.3639576  0.30742049 0.32862191]]\n",
      "[[0.36267606 0.30633803 0.33098592]]\n",
      "[[0.36491228 0.30526316 0.32982456]]\n",
      "[[0.36363636 0.3041958  0.33216783]]\n",
      "[[0.36585366 0.30313589 0.33101045]]\n",
      "[[0.36458333 0.30555556 0.32986111]]\n",
      "[[0.36678201 0.30449827 0.32871972]]\n",
      "[[0.36551724 0.30344828 0.33103448]]\n",
      "[[0.36769759 0.3024055  0.32989691]]\n",
      "[[0.36643836 0.30136986 0.33219178]]\n",
      "[[0.36860068 0.3003413  0.33105802]]\n",
      "[[0.36734694 0.30272109 0.32993197]]\n",
      "[[0.36610169 0.30169492 0.33220339]]\n",
      "[[0.36824324 0.30067568 0.33108108]]\n",
      "[[0.36700337 0.3030303  0.32996633]]\n",
      "[[0.36577181 0.30201342 0.33221477]]\n",
      "[[0.36789298 0.30100334 0.33110368]]\n",
      "[[0.36666667 0.3        0.33333333]]\n",
      "[[0.36877076 0.29900332 0.33222591]]\n",
      "[[0.36754967 0.3013245  0.33112583]]\n",
      "[[0.36633663 0.30033003 0.33333333]]\n",
      "[[0.36842105 0.29934211 0.33223684]]\n",
      "[[0.36721311 0.30163934 0.33114754]]\n",
      "[[0.36601307 0.30065359 0.33333333]]\n",
      "[[0.36807818 0.29967427 0.33224756]]\n",
      "[[0.36688312 0.30194805 0.33116883]]\n",
      "[[0.36569579 0.30097087 0.33333333]]\n",
      "[[0.36774194 0.3        0.33225806]]\n",
      "[[0.36655949 0.29903537 0.33440514]]\n",
      "[[0.36858974 0.29807692 0.33333333]]\n",
      "[[0.36741214 0.2971246  0.33546326]]\n",
      "[[0.36942675 0.29617834 0.3343949 ]]\n",
      "[[0.36825397 0.2952381  0.33650794]]\n",
      "[[0.37025316 0.2943038  0.33544304]]\n",
      "[[0.36908517 0.29337539 0.33753943]]\n",
      "[[0.37106918 0.29245283 0.33647799]]\n",
      "[[0.36990596 0.29153605 0.33855799]]\n",
      "[[0.371875 0.290625 0.3375  ]]\n",
      "[[0.37071651 0.29283489 0.3364486 ]]\n",
      "[[0.37267081 0.29192547 0.33540373]]\n",
      "[[0.37151703 0.29102167 0.3374613 ]]\n",
      "[[0.37037037 0.29320988 0.33641975]]\n",
      "[[0.36923077 0.29230769 0.33846154]]\n",
      "[[0.37116564 0.29141104 0.33742331]]\n",
      "[[0.37003058 0.29051988 0.33944954]]\n",
      "[[0.37195122 0.28963415 0.33841463]]\n",
      "[[0.37082067 0.29179331 0.33738602]]\n",
      "[[0.36969697 0.29090909 0.33939394]]\n",
      "[[0.37160121 0.29003021 0.33836858]]\n",
      "[[0.37048193 0.28915663 0.34036145]]\n",
      "[[0.37237237 0.28828829 0.33933934]]\n",
      "[[0.37125749 0.29041916 0.33832335]]\n",
      "[[0.37313433 0.28955224 0.33731343]]\n",
      "[[0.37202381 0.29166667 0.33630952]]\n",
      "[[0.37388724 0.29080119 0.33531157]]\n",
      "[[0.37278107 0.28994083 0.33727811]]\n",
      "[[0.37463127 0.28908555 0.33628319]]\n",
      "[[0.37352941 0.29117647 0.33529412]]\n",
      "[[0.37243402 0.29032258 0.3372434 ]]\n",
      "[[0.37134503 0.29239766 0.33625731]]\n",
      "[[0.37026239 0.29154519 0.33819242]]\n",
      "[[0.37209302 0.29069767 0.3372093 ]]\n",
      "[[0.37101449 0.28985507 0.33913043]]\n",
      "[[0.37283237 0.28901734 0.33815029]]\n",
      "[[0.37175793 0.29106628 0.33717579]]\n",
      "[[0.37068966 0.29022989 0.33908046]]\n",
      "[[0.37249284 0.28939828 0.33810888]]\n",
      "[[0.37142857 0.29142857 0.33714286]]\n",
      "[[0.37037037 0.29059829 0.33903134]]\n",
      "[[0.37215909 0.28977273 0.33806818]]\n",
      "[[0.37110482 0.28895184 0.33994334]]\n",
      "[[0.37288136 0.28813559 0.33898305]]\n",
      "[[0.37183099 0.29014085 0.33802817]]\n",
      "[[0.37078652 0.28932584 0.33988764]]\n",
      "[[0.37254902 0.28851541 0.33893557]]\n",
      "[[0.37150838 0.29050279 0.33798883]]\n",
      "[[0.37325905 0.28969359 0.33704735]]\n",
      "[[0.37222222 0.29166667 0.33611111]]\n",
      "[[0.37119114 0.29085873 0.33795014]]\n",
      "[[0.37016575 0.29281768 0.33701657]]\n",
      "[[0.36914601 0.29201102 0.33884298]]\n",
      "[[0.37087912 0.29120879 0.33791209]]\n",
      "[[0.36986301 0.29041096 0.33972603]]\n",
      "[[0.3715847  0.28961749 0.33879781]]\n",
      "[[0.37057221 0.28882834 0.34059946]]\n",
      "[[0.37228261 0.28804348 0.33967391]]\n",
      "[[0.37127371 0.2899729  0.33875339]]\n",
      "[[0.37027027 0.28918919 0.34054054]]\n",
      "[[0.37196765 0.2884097  0.33962264]]\n",
      "[[0.37096774 0.29032258 0.33870968]]\n",
      "[[0.37265416 0.28954424 0.33780161]]\n",
      "[[0.37165775 0.29144385 0.3368984 ]]\n",
      "[[0.37066667 0.29066667 0.33866667]]\n",
      "[[0.37234043 0.28989362 0.33776596]]\n",
      "[[0.37135279 0.29177719 0.33687003]]\n",
      "[[0.37037037 0.29100529 0.33862434]]\n",
      "[[0.37203166 0.29023747 0.33773087]]\n",
      "[[0.37105263 0.28947368 0.33947368]]\n",
      "[[0.37270341 0.28871391 0.33858268]]\n",
      "[[0.37172775 0.29057592 0.33769634]]\n",
      "[[0.37075718 0.28981723 0.33942559]]\n",
      "[[0.36979167 0.29166667 0.33854167]]\n",
      "[[0.37142857 0.29090909 0.33766234]]\n",
      "[[0.37046632 0.29274611 0.33678756]]\n",
      "[[0.37209302 0.29198966 0.33591731]]\n",
      "[[0.37113402 0.29381443 0.33505155]]\n",
      "[[0.37275064 0.29305913 0.33419023]]\n",
      "[[0.37179487 0.29230769 0.33589744]]\n",
      "[[0.37340153 0.2915601  0.33503836]]\n",
      "[[0.37244898 0.29336735 0.33418367]]\n",
      "[[0.37150127 0.29262087 0.33587786]]\n",
      "[[0.37055838 0.29441624 0.33502538]]\n",
      "[[0.36962025 0.29367089 0.33670886]]\n",
      "[[0.37121212 0.29292929 0.33585859]]\n",
      "[[0.37027708 0.29471033 0.33501259]]\n",
      "[[0.36934673 0.29396985 0.33668342]]\n",
      "[[0.37092732 0.29323308 0.3358396 ]]\n",
      "[[0.37   0.2925 0.3375]]\n",
      "[[0.37157107 0.29177057 0.33665835]]\n",
      "[[0.37064677 0.29104478 0.33830846]]\n",
      "[[0.37220844 0.29032258 0.33746898]]\n",
      "[[0.37128713 0.29207921 0.33663366]]\n",
      "[[0.37037037 0.29135802 0.3382716 ]]\n",
      "[[0.36945813 0.29310345 0.33743842]]\n",
      "[[0.36855037 0.29238329 0.33906634]]\n",
      "[[0.37009804 0.29166667 0.33823529]]\n",
      "[[0.36919315 0.29339853 0.33740831]]\n",
      "[[0.36829268 0.29268293 0.33902439]]\n",
      "[[0.36739659 0.29440389 0.33819951]]\n",
      "[[0.36893204 0.29368932 0.33737864]]\n",
      "[[0.36803874 0.29539952 0.33656174]]\n",
      "[[0.36714976 0.29468599 0.33816425]]\n",
      "[[0.3686747 0.2939759 0.3373494]]\n",
      "[[0.36778846 0.29567308 0.33653846]]\n",
      "[[0.36690647 0.29496403 0.3381295 ]]\n",
      "[[0.36842105 0.29425837 0.33732057]]\n",
      "[[0.36754177 0.29594272 0.33651551]]\n",
      "[[0.36666667 0.2952381  0.33809524]]\n",
      "[[0.36817102 0.29453682 0.33729216]]\n",
      "[[0.36729858 0.29383886 0.33886256]]\n",
      "[[0.36643026 0.29550827 0.33806147]]\n",
      "[[0.36556604 0.29481132 0.33962264]]\n",
      "[[0.36705882 0.29411765 0.33882353]]\n",
      "[[0.36619718 0.29342723 0.34037559]]\n",
      "[[0.3676815  0.29274005 0.33957845]]\n",
      "[[0.36682243 0.29439252 0.33878505]]\n",
      "[[0.36829837 0.29370629 0.33799534]]\n",
      "[[0.36744186 0.29534884 0.3372093 ]]\n",
      "[[0.36890951 0.29466357 0.33642691]]\n",
      "[[0.36805556 0.2962963  0.33564815]]\n",
      "[[0.36720554 0.29561201 0.33718245]]\n",
      "[[0.36866359 0.29493088 0.33640553]]\n",
      "[[0.36781609 0.29425287 0.33793103]]\n",
      "[[0.36697248 0.29587156 0.33715596]]\n",
      "[[0.36613272 0.29519451 0.33867277]]\n",
      "[[0.36757991 0.29452055 0.33789954]]\n",
      "[[0.3667426  0.29612756 0.33712984]]\n",
      "[[0.36590909 0.29545455 0.33863636]]\n",
      "[[0.36507937 0.29705215 0.33786848]]\n",
      "[[0.36425339 0.29638009 0.33936652]]\n",
      "[[0.36568849 0.29571106 0.33860045]]\n",
      "[[0.36486486 0.2972973  0.33783784]]\n",
      "[[0.36629213 0.29662921 0.33707865]]\n",
      "[[0.36547085 0.29596413 0.33856502]]\n",
      "[[0.36689038 0.29530201 0.33780761]]\n",
      "[[0.36607143 0.296875   0.33705357]]\n",
      "[[0.36525612 0.29621381 0.33853007]]\n",
      "[[0.36666667 0.29555556 0.33777778]]\n",
      "[[0.36585366 0.29490022 0.33924612]]\n",
      "[[0.36725664 0.29424779 0.33849558]]\n",
      "[[0.36644592 0.29580574 0.33774834]]\n",
      "[[0.36784141 0.29515419 0.33700441]]\n",
      "[[0.36703297 0.2967033  0.33626374]]\n",
      "[[0.36622807 0.29605263 0.3377193 ]]\n",
      "[[0.36761488 0.29540481 0.33698031]]\n",
      "[[0.36681223 0.29475983 0.33842795]]\n",
      "[[0.36819172 0.29411765 0.33769063]]\n",
      "[[0.3673913  0.29565217 0.33695652]]\n",
      "[[0.36659436 0.29501085 0.33839479]]\n",
      "[[0.36796537 0.29437229 0.33766234]]\n",
      "[[0.36717063 0.29589633 0.33693305]]\n",
      "[[0.36637931 0.29525862 0.33836207]]\n",
      "[[0.36774194 0.29462366 0.33763441]]\n",
      "[[0.36695279 0.29613734 0.33690987]]\n",
      "[[0.36616702 0.29550321 0.33832976]]\n",
      "[[0.36752137 0.29487179 0.33760684]]\n",
      "[[0.36673774 0.29637527 0.33688699]]\n",
      "[[0.36595745 0.29574468 0.33829787]]\n",
      "[[0.36518047 0.29723992 0.33757962]]\n",
      "[[0.36440678 0.29661017 0.33898305]]\n",
      "[[0.36575053 0.29598309 0.33826638]]\n",
      "[[0.3649789  0.29746835 0.33755274]]\n",
      "[[0.36421053 0.29684211 0.33894737]]\n",
      "[[0.36554622 0.29621849 0.33823529]]\n",
      "[[0.36477987 0.29769392 0.33752621]]\n",
      "[[0.36401674 0.29707113 0.33891213]]\n",
      "[[0.36534447 0.29645094 0.33820459]]\n",
      "[[0.36458333 0.29583333 0.33958333]]\n",
      "[[0.36590437 0.2952183  0.33887734]]\n",
      "[[0.36514523 0.2966805  0.33817427]]\n",
      "[[0.36438923 0.29606625 0.33954451]]\n",
      "[[0.36570248 0.29545455 0.33884298]]\n",
      "[[0.36494845 0.29484536 0.34020619]]\n",
      "[[0.36625514 0.29423868 0.33950617]]\n",
      "[[0.36550308 0.29568789 0.33880903]]\n",
      "[[0.36680328 0.29508197 0.33811475]]\n",
      "[[0.36605317 0.29652352 0.33742331]]\n",
      "[[0.36530612 0.29591837 0.33877551]]\n",
      "[[0.36659878 0.29531568 0.33808554]]\n",
      "[[0.36585366 0.29471545 0.33943089]]\n",
      "[[0.36713996 0.29411765 0.33874239]]\n",
      "[[0.36639676 0.29352227 0.34008097]]\n",
      "[[0.36767677 0.29292929 0.33939394]]\n",
      "[[0.36693548 0.29435484 0.33870968]]\n",
      "[[0.36619718 0.29376258 0.34004024]]\n",
      "[[0.36746988 0.29317269 0.33935743]]\n",
      "[[0.36673347 0.29458918 0.33867735]]\n",
      "[[0.366 0.294 0.34 ]]\n",
      "[[0.36726547 0.29341317 0.33932136]]\n",
      "[[0.36653386 0.29282869 0.34063745]]\n",
      "[[0.36779324 0.29224652 0.33996024]]\n",
      "[[0.36706349 0.29166667 0.34126984]]\n",
      "[[0.36831683 0.29108911 0.34059406]]\n",
      "[[0.36758893 0.29051383 0.34189723]]\n",
      "[[0.36883629 0.28994083 0.34122288]]\n"
     ]
    },
    {
     "name": "stdout",
     "output_type": "stream",
     "text": [
      "[[0.36811024 0.29133858 0.34055118]]\n",
      "[[0.36738703 0.29076621 0.34184676]]\n",
      "[[0.36862745 0.29019608 0.34117647]]\n",
      "[[0.36790607 0.29158513 0.34050881]]\n",
      "[[0.36914062 0.29101562 0.33984375]]\n",
      "[[0.36842105 0.29044834 0.3411306 ]]\n",
      "[[0.36964981 0.28988327 0.34046693]]\n",
      "[[0.36893204 0.28932039 0.34174757]]\n",
      "[[0.37015504 0.28875969 0.34108527]]\n",
      "[[0.36943907 0.2901354  0.34042553]]\n",
      "[[0.36872587 0.28957529 0.34169884]]\n",
      "[[0.36801541 0.29094412 0.34104046]]\n",
      "[[0.36923077 0.29038462 0.34038462]]\n",
      "[[0.36852207 0.28982726 0.34165067]]\n",
      "[[0.3697318  0.28927203 0.34099617]]\n",
      "[[0.36902486 0.28871893 0.34225621]]\n",
      "[[0.37022901 0.28816794 0.34160305]]\n",
      "[[0.36952381 0.28952381 0.34095238]]\n",
      "[[0.36882129 0.28897338 0.34220532]]\n",
      "[[0.37001898 0.28842505 0.34155598]]\n",
      "[[0.36931818 0.28787879 0.34280303]]\n",
      "[[0.3705104  0.28733459 0.34215501]]\n",
      "[[0.36981132 0.28679245 0.34339623]]\n",
      "[[0.37099812 0.28625235 0.34274953]]\n",
      "[[0.37030075 0.28759398 0.34210526]]\n",
      "[[0.369606   0.28705441 0.34333959]]\n",
      "[[0.36891386 0.28838951 0.34269663]]\n",
      "[[0.37009346 0.28785047 0.34205607]]\n",
      "[[0.36940299 0.28731343 0.34328358]]\n",
      "[[0.37057728 0.2867784  0.34264432]]\n",
      "[[0.36988848 0.28624535 0.34386617]]\n",
      "[[0.37105751 0.28571429 0.3432282 ]]\n",
      "[[0.37037037 0.28518519 0.34444444]]\n",
      "[[0.3715342  0.28465804 0.34380776]]\n",
      "[[0.37084871 0.28413284 0.34501845]]\n",
      "[[0.37200737 0.28360958 0.34438306]]\n",
      "[[0.37132353 0.28308824 0.34558824]]\n",
      "[[0.37247706 0.28256881 0.34495413]]\n",
      "[[0.37179487 0.28388278 0.34432234]]\n",
      "[[0.37294333 0.2833638  0.34369287]]\n",
      "[[0.37226277 0.28467153 0.34306569]]\n",
      "[[0.37340619 0.28415301 0.3424408 ]]\n",
      "[[0.37272727 0.28545455 0.34181818]]\n",
      "[[0.37205082 0.28493648 0.3430127 ]]\n",
      "[[0.37318841 0.28442029 0.3423913 ]]\n",
      "[[0.37251356 0.28571429 0.34177215]]\n",
      "[[0.37184116 0.28519856 0.34296029]]\n",
      "[[0.37117117 0.28648649 0.34234234]]\n",
      "[[0.3705036  0.28597122 0.34352518]]\n",
      "[[0.37163375 0.28545781 0.34290844]]\n",
      "[[0.37096774 0.28494624 0.34408602]]\n",
      "[[0.37209302 0.28443649 0.34347048]]\n",
      "[[0.37142857 0.28392857 0.34464286]]\n",
      "[[0.37254902 0.28342246 0.34402852]]\n",
      "[[0.37188612 0.28291815 0.34519573]]\n",
      "[[0.37300178 0.28241563 0.34458259]]\n",
      "[[0.37234043 0.28191489 0.34574468]]\n",
      "[[0.37345133 0.28141593 0.34513274]]\n",
      "[[0.37279152 0.28268551 0.34452297]]\n",
      "[[0.37213404 0.28218695 0.34567901]]\n",
      "[[0.37323944 0.28169014 0.34507042]]\n",
      "[[0.37258348 0.28295255 0.34446397]]\n",
      "[[0.37192982 0.28245614 0.34561404]]\n",
      "[[0.37302977 0.28196147 0.34500876]]\n",
      "[[0.37237762 0.28321678 0.34440559]]\n",
      "[[0.37347295 0.28272251 0.34380454]]\n",
      "[[0.3728223  0.28397213 0.34320557]]\n",
      "[[0.37217391 0.28347826 0.34434783]]\n",
      "[[0.37152778 0.28472222 0.34375   ]]\n",
      "[[0.37261698 0.28422877 0.34315425]]\n",
      "[[0.37197232 0.28546713 0.34256055]]\n",
      "[[0.37305699 0.28497409 0.34196891]]\n",
      "[[0.37241379 0.28448276 0.34310345]]\n",
      "[[0.37349398 0.28399312 0.34251291]]\n",
      "[[0.37285223 0.28522337 0.3419244 ]]\n",
      "[[0.37221269 0.28473413 0.34305317]]\n",
      "[[0.37157534 0.2859589  0.34246575]]\n",
      "[[0.37094017 0.28547009 0.34358974]]\n",
      "[[0.37201365 0.28498294 0.34300341]]\n",
      "[[0.3713799  0.28620102 0.34241908]]\n",
      "[[0.37244898 0.28571429 0.34183673]]\n",
      "[[0.37181664 0.28692699 0.34125637]]\n",
      "[[0.37118644 0.28644068 0.34237288]]\n",
      "[[0.37055838 0.28764805 0.34179357]]\n",
      "[[0.36993243 0.28716216 0.34290541]]\n",
      "[[0.37099494 0.28667791 0.34232715]]\n",
      "[[0.37037037 0.28787879 0.34175084]]\n",
      "[[0.3697479  0.28739496 0.34285714]]\n",
      "[[0.37080537 0.28691275 0.34228188]]\n",
      "[[0.37018425 0.28643216 0.34338358]]\n",
      "[[0.37123746 0.28595318 0.34280936]]\n",
      "[[0.3706177  0.28714524 0.34223706]]\n",
      "[[0.37       0.28666667 0.34333333]]\n",
      "[[0.36938436 0.28785358 0.34276206]]\n",
      "[[0.37043189 0.28737542 0.34219269]]\n",
      "[[0.36981758 0.28855721 0.34162521]]\n",
      "[[0.3692053  0.28807947 0.34271523]]\n",
      "[[0.37024793 0.28760331 0.34214876]]\n",
      "[[0.36963696 0.28712871 0.34323432]]\n",
      "[[0.37067545 0.28665568 0.34266886]]\n",
      "[[0.37006579 0.28782895 0.34210526]]\n",
      "[[0.36945813 0.28735632 0.34318555]]\n",
      "[[0.36885246 0.28852459 0.34262295]]\n",
      "[[0.36824877 0.28805237 0.34369885]]\n",
      "[[0.36764706 0.28921569 0.34313725]]\n",
      "[[0.36704731 0.28874388 0.34420881]]\n",
      "[[0.36807818 0.28827362 0.34364821]]\n",
      "[[0.36747967 0.28780488 0.34471545]]\n",
      "[[0.36850649 0.28733766 0.34415584]]\n",
      "[[0.36790924 0.28849271 0.34359806]]\n",
      "[[0.36731392 0.28802589 0.34466019]]\n",
      "[[0.36833603 0.28756058 0.34410339]]\n",
      "[[0.36774194 0.28709677 0.34516129]]\n",
      "[[0.36876006 0.28663446 0.34460548]]\n",
      "[[0.3681672  0.28778135 0.34405145]]\n",
      "[[0.36757624 0.28731942 0.34510433]]\n",
      "[[0.36858974 0.28685897 0.34455128]]\n",
      "[[0.368  0.2864 0.3456]]\n",
      "[[0.36900958 0.28594249 0.34504792]]\n",
      "[[0.36842105 0.28708134 0.34449761]]\n",
      "[[0.36783439 0.2866242  0.3455414 ]]\n",
      "[[0.3672496  0.28775835 0.34499205]]\n",
      "[[0.36666667 0.28730159 0.34603175]]\n",
      "[[0.36767036 0.28684628 0.34548336]]\n",
      "[[0.36708861 0.28797468 0.34493671]]\n",
      "[[0.36650869 0.28751975 0.34597156]]\n",
      "[[0.36750789 0.28706625 0.34542587]]\n",
      "[[0.36692913 0.28818898 0.34488189]]\n",
      "[[0.3663522  0.28773585 0.34591195]]\n",
      "[[0.36734694 0.28728414 0.34536892]]\n",
      "[[0.36677116 0.28840125 0.34482759]]\n",
      "[[0.36619718 0.28794992 0.3458529 ]]\n",
      "[[0.365625  0.2890625 0.3453125]]\n",
      "[[0.36661466 0.28861154 0.34477379]]\n",
      "[[0.36604361 0.28971963 0.34423676]]\n",
      "[[0.36547434 0.28926905 0.34525661]]\n",
      "[[0.36490683 0.29037267 0.3447205 ]]\n",
      "[[0.36434109 0.28992248 0.34573643]]\n",
      "[[0.36532508 0.28947368 0.34520124]]\n",
      "[[0.36476043 0.29057187 0.3446677 ]]\n",
      "[[0.36419753 0.29012346 0.34567901]]\n",
      "[[0.3651772  0.28967643 0.34514638]]\n",
      "[[0.36461538 0.29076923 0.34461538]]\n",
      "[[0.3655914  0.29032258 0.34408602]]\n",
      "[[0.36503067 0.29141104 0.34355828]]\n",
      "[[0.36447167 0.29096478 0.34456355]]\n",
      "[[0.36544343 0.29051988 0.3440367 ]]\n",
      "[[0.3648855  0.29160305 0.34351145]]\n",
      "[[0.36432927 0.29115854 0.3445122 ]]\n",
      "[[0.3652968  0.29071537 0.34398782]]\n",
      "[[0.36474164 0.29027356 0.3449848 ]]\n",
      "[[0.36570561 0.28983308 0.34446131]]\n",
      "[[0.36515152 0.28939394 0.34545455]]\n",
      "[[0.36611195 0.28895613 0.34493192]]\n",
      "[[0.36555891 0.29003021 0.34441088]]\n",
      "[[0.36500754 0.28959276 0.3453997 ]]\n",
      "[[0.36596386 0.28915663 0.34487952]]\n",
      "[[0.36541353 0.29022556 0.3443609 ]]\n",
      "[[0.36636637 0.28978979 0.34384384]]\n",
      "[[0.36581709 0.28935532 0.34482759]]\n",
      "[[0.36676647 0.28892216 0.34431138]]\n",
      "[[0.36621824 0.28998505 0.34379671]]\n",
      "[[0.36716418 0.28955224 0.34328358]]\n",
      "[[0.36661699 0.29061103 0.34277198]]\n",
      "[[0.36607143 0.29017857 0.34375   ]]\n",
      "[[0.36701337 0.2897474  0.34323923]]\n",
      "[[0.36646884 0.29080119 0.34272997]]\n",
      "[[0.36592593 0.29037037 0.3437037 ]]\n",
      "[[0.36686391 0.28994083 0.34319527]]\n",
      "[[0.36632201 0.28951256 0.34416544]]\n",
      "[[0.36725664 0.28908555 0.34365782]]\n",
      "[[0.36671576 0.28865979 0.34462445]]\n",
      "[[0.36764706 0.28823529 0.34411765]]\n",
      "[[0.3671072  0.28928047 0.34361233]]\n",
      "[[0.36656891 0.2888563  0.34457478]]\n",
      "[[0.36603221 0.28989751 0.34407028]]\n",
      "[[0.36549708 0.28947368 0.34502924]]\n",
      "[[0.36642336 0.28905109 0.34452555]]\n",
      "[[0.36588921 0.29008746 0.34402332]]\n",
      "[[0.36681223 0.28966521 0.34352256]]\n",
      "[[0.36627907 0.29069767 0.34302326]]\n",
      "[[0.36574746 0.29027576 0.34397678]]\n",
      "[[0.36666667 0.28985507 0.34347826]]\n",
      "[[0.36613603 0.2894356  0.34442836]]\n",
      "[[0.36705202 0.28901734 0.34393064]]\n",
      "[[0.36652237 0.29004329 0.34343434]]\n",
      "[[0.36599424 0.28962536 0.3443804 ]]\n",
      "[[0.36690647 0.28920863 0.34388489]]\n",
      "[[0.36637931 0.2887931  0.34482759]]\n",
      "[[0.36728838 0.28837877 0.34433286]]\n",
      "[[0.36676218 0.28796562 0.34527221]]\n",
      "[[0.3676681  0.28755365 0.34477825]]\n",
      "[[0.36714286 0.28857143 0.34428571]]\n",
      "[[0.36661912 0.28815977 0.34522111]]\n",
      "[[0.36752137 0.28774929 0.34472934]]\n",
      "[[0.36699858 0.28876245 0.34423898]]\n",
      "[[0.36647727 0.28835227 0.34517045]]\n",
      "[[0.36737589 0.28794326 0.34468085]]\n",
      "[[0.36685552 0.28895184 0.34419263]]\n",
      "[[0.36633663 0.28854314 0.34512023]]\n",
      "[[0.36723164 0.28813559 0.34463277]]\n",
      "[[0.36671368 0.28913963 0.34414669]]\n",
      "[[0.36760563 0.28873239 0.34366197]]\n",
      "[[0.36708861 0.2883263  0.34458509]]\n",
      "[[0.36797753 0.28792135 0.34410112]]\n",
      "[[0.36746143 0.28892006 0.34361851]]\n",
      "[[0.36694678 0.28851541 0.34453782]]\n",
      "[[0.36783217 0.28811189 0.34405594]]\n",
      "[[0.36731844 0.28910615 0.34357542]]\n",
      "[[0.36680614 0.28870293 0.34449093]]\n",
      "[[0.36768802 0.28830084 0.34401114]]\n",
      "[[0.36717663 0.28929068 0.34353268]]\n",
      "[[0.36666667 0.28888889 0.34444444]]\n",
      "[[0.36754508 0.28848821 0.34396671]]\n",
      "[[0.36703601 0.28808864 0.34487535]]\n",
      "[[0.36791148 0.28769018 0.34439834]]\n",
      "[[0.36740331 0.28867403 0.34392265]]\n",
      "[[0.36689655 0.28827586 0.34482759]]\n",
      "[[0.36639118 0.2892562  0.34435262]]\n",
      "[[0.36588721 0.28885832 0.34525447]]\n",
      "[[0.36675824 0.28846154 0.34478022]]\n",
      "[[0.36625514 0.28806584 0.34567901]]\n",
      "[[0.36712329 0.28767123 0.34520548]]\n",
      "[[0.36662107 0.2872777  0.34610123]]\n",
      "[[0.36612022 0.28825137 0.34562842]]\n",
      "[[0.36698499 0.28785812 0.34515689]]\n",
      "[[0.36648501 0.28746594 0.34604905]]\n",
      "[[0.36734694 0.28707483 0.34557823]]\n",
      "[[0.36684783 0.28804348 0.3451087 ]]\n",
      "[[0.36770692 0.28765265 0.34464043]]\n",
      "[[0.36720867 0.28726287 0.34552846]]\n",
      "[[0.36806495 0.28687415 0.34506089]]\n",
      "[[0.36756757 0.28783784 0.34459459]]\n",
      "[[0.36707152 0.28744939 0.34547908]]\n",
      "[[0.36657682 0.2884097  0.34501348]]\n",
      "[[0.36608345 0.28802153 0.34589502]]\n",
      "[[0.3655914  0.28897849 0.34543011]]\n",
      "[[0.36510067 0.2885906  0.34630872]]\n",
      "[[0.36595174 0.28820375 0.3458445 ]]\n",
      "[[0.36546185 0.28915663 0.34538153]]\n",
      "[[0.36497326 0.28877005 0.34625668]]\n",
      "[[0.36448598 0.28971963 0.34579439]]\n",
      "[[0.364      0.28933333 0.34666667]]\n",
      "[[0.36484687 0.28894807 0.34620506]]\n",
      "[[0.3643617  0.28989362 0.34574468]]\n",
      "[[0.36387782 0.28950863 0.34661355]]\n",
      "[[0.36472149 0.28912467 0.34615385]]\n",
      "[[0.36423841 0.29006623 0.34569536]]\n",
      "[[0.36507937 0.28968254 0.3452381 ]]\n",
      "[[0.36459709 0.29062087 0.34478203]]\n",
      "[[0.36543536 0.29023747 0.34432718]]\n",
      "[[0.36495389 0.28985507 0.34519104]]\n",
      "[[0.36578947 0.28947368 0.34473684]]\n",
      "[[0.3653088 0.2890933 0.3455979]]\n",
      "[[0.36614173 0.28871391 0.34514436]]\n",
      "[[0.36566186 0.28964613 0.34469201]]\n",
      "[[0.36649215 0.28926702 0.34424084]]\n",
      "[[0.36601307 0.29019608 0.34379085]]\n",
      "[[0.36553525 0.28981723 0.34464752]]\n",
      "[[0.36636245 0.28943937 0.34419817]]\n",
      "[[0.36588542 0.29036458 0.34375   ]]\n",
      "[[0.36540962 0.289987   0.34460338]]\n",
      "[[0.36623377 0.28961039 0.34415584]]\n",
      "[[0.36575875 0.28923476 0.34500649]]\n",
      "[[0.36658031 0.2888601  0.34455959]]\n",
      "[[0.36610608 0.28848642 0.3454075 ]]\n",
      "[[0.36692506 0.2881137  0.34496124]]\n",
      "[[0.36645161 0.28774194 0.34580645]]\n",
      "[[0.36726804 0.28737113 0.34536082]]\n",
      "[[0.36679537 0.28828829 0.34491634]]\n",
      "[[0.36760925 0.28791774 0.34447301]]\n",
      "[[0.36713736 0.28883184 0.34403081]]\n",
      "[[0.36666667 0.28846154 0.34487179]]\n",
      "[[0.36747759 0.28809219 0.34443022]]\n",
      "[[0.36700767 0.28900256 0.34398977]]\n",
      "[[0.36653895 0.28863346 0.34482759]]\n",
      "[[0.36734694 0.28826531 0.34438776]]\n",
      "[[0.36687898 0.28917197 0.34394904]]\n",
      "[[0.36641221 0.28880407 0.34478372]]\n",
      "[[0.36721728 0.2884371  0.34434562]]\n",
      "[[0.36675127 0.28807107 0.34517766]]\n",
      "[[0.36755387 0.28770596 0.34474018]]\n",
      "[[0.36708861 0.28860759 0.3443038 ]]\n",
      "[[0.36788875 0.28824273 0.34386852]]\n",
      "[[0.36742424 0.28914141 0.34343434]]\n",
      "[[0.36696091 0.2887768  0.3442623 ]]\n",
      "[[0.36775819 0.2884131  0.34382872]]\n",
      "[[0.3672956  0.28805031 0.34465409]]\n",
      "[[0.36809045 0.28768844 0.34422111]]\n",
      "[[0.36762861 0.28858218 0.34378921]]\n",
      "[[0.36716792 0.28822055 0.34461153]]\n",
      "[[0.36670839 0.28911139 0.34418023]]\n",
      "[[0.36625 0.28875 0.345  ]]\n",
      "[[0.3670412  0.28838951 0.34456929]]\n",
      "[[0.36658354 0.28927681 0.34413965]]\n"
     ]
    },
    {
     "name": "stdout",
     "output_type": "stream",
     "text": [
      "[[0.36612702 0.28891656 0.34495641]]\n",
      "[[0.36691542 0.28855721 0.34452736]]\n",
      "[[0.36645963 0.28944099 0.34409938]]\n",
      "[[0.36600496 0.28908189 0.34491315]]\n",
      "[[0.36679058 0.28872367 0.34448575]]\n",
      "[[0.36633663 0.28960396 0.34405941]]\n",
      "[[0.36588381 0.28924598 0.34487021]]\n",
      "[[0.36666667 0.28888889 0.34444444]]\n",
      "[[0.36621455 0.28976572 0.34401973]]\n",
      "[[0.36699507 0.28940887 0.34359606]]\n",
      "[[0.36654367 0.2902829  0.34317343]]\n",
      "[[0.36609337 0.28992629 0.34398034]]\n",
      "[[0.36687117 0.28957055 0.34355828]]\n",
      "[[0.36642157 0.28921569 0.34436275]]\n",
      "[[0.36719706 0.28886169 0.34394125]]\n",
      "[[0.36674817 0.28850856 0.34474328]]\n",
      "[[0.36752137 0.28815629 0.34432234]]\n",
      "[[0.36707317 0.28902439 0.34390244]]\n",
      "[[0.36662607 0.28867235 0.34470158]]\n",
      "[[0.36739659 0.28832117 0.34428224]]\n",
      "[[0.36695018 0.28918591 0.34386391]]\n",
      "[[0.36771845 0.28883495 0.3434466 ]]\n",
      "[[0.36727273 0.28969697 0.3430303 ]]\n",
      "[[0.36803874 0.28934625 0.34261501]]\n",
      "[[0.36759371 0.28899637 0.34340992]]\n",
      "[[0.36835749 0.28864734 0.34299517]]\n",
      "[[0.36791315 0.28829916 0.3437877 ]]\n",
      "[[0.3686747  0.28795181 0.34337349]]\n",
      "[[0.36823105 0.28760529 0.34416366]]\n",
      "[[0.36899038 0.28725962 0.34375   ]]\n",
      "[[0.36854742 0.28811525 0.34333733]]\n",
